[(-7, 3, 300)];30-03-2021-11-49-54
[(2971, 535, 6102), (-7, 2, 300)];30-03-2021-11-49-56
[(-7, 2, 301)];30-03-2021-11-49-57
[(18, -16, 598)];30-03-2021-11-50-28
[(13, -16, 598)];30-03-2021-11-50-29
[(13, -16, 598)];30-03-2021-11-50-30
[(10, -17, 601)];30-03-2021-11-50-35
[(15, -16, 602)];30-03-2021-11-50-36
[(15, -16, 606)];30-03-2021-11-50-37
[(10, -24, 905)];30-03-2021-11-51-07
[(8, -24, 909)];30-03-2021-11-51-08
[(11, -23, 903)];30-03-2021-11-51-09
[(11, -24, 903)];30-03-2021-11-51-10
[(5, -23, 904)];30-03-2021-11-51-11
[(6, -23, 900)];30-03-2021-11-51-12
[(11, -30, 1196)];30-03-2021-11-51-28
[(9, -30, 1201)];30-03-2021-11-51-29
[(9, -30, 1187)];30-03-2021-11-51-31
[(9, -32, 1189)];30-03-2021-11-51-32
[(5, -30, 1189)];30-03-2021-11-51-33
[(3, -30, 1188)];30-03-2021-11-51-34
[(-16, -35, 1467)];30-03-2021-11-51-58
[(-21, -37, 1467)];30-03-2021-11-52-00
[(-24, -37, 1467)];30-03-2021-11-52-01
[(-24, -34, 1467)];30-03-2021-11-52-01
[(-22, 11, 1467)];30-03-2021-11-52-02
[(-23, -37, 1470)];30-03-2021-11-52-03
[(21, 11, 1753)];30-03-2021-11-52-20
[(16, -17, 1758)];30-03-2021-11-52-21
[(18, -44, 1758)];30-03-2021-11-52-22
[(21, -41, 1758)];30-03-2021-11-52-23
[(21, -41, 1758)];30-03-2021-11-52-24
[(21, -17, 1758)];30-03-2021-11-52-25
[(3, 9, 2111)];30-03-2021-11-53-10
[(3, 23, 2111)];30-03-2021-11-53-11
[(3, 14, 2100)];30-03-2021-11-53-12
[(-1, 14, 2111)];30-03-2021-11-53-13
[(-1, 18, 2108)];30-03-2021-11-53-15
[(-1, 45, 2097)];30-03-2021-11-53-16
[(24, 81, 2431)];30-03-2021-11-53-28
[(24, 81, 2431)];30-03-2021-11-53-28
[(24, 78, 2374)];30-03-2021-11-53-29
[(20, 78, 2383)];30-03-2021-11-53-30
[(27, 82, 2412)];30-03-2021-11-53-30
[(34, 96, 2383)];30-03-2021-11-53-31
[(8, 147, 2653)];30-03-2021-11-53-49
[(7, 216, 2653)];30-03-2021-11-53-50
[(7, 144, 2653)];30-03-2021-11-53-51
[(-1, 167, 2688)];30-03-2021-11-53-53
[(-1, 153, 2653)];30-03-2021-11-53-54
[(-13, 195, 2630)];30-03-2021-11-53-56
[(37, 125, 2818)];30-03-2021-11-54-33
[(-53, 112, 2825)];30-03-2021-11-54-34
[(-53, 174, 2825)];30-03-2021-11-54-35
[(38, 108, 2851)];30-03-2021-11-54-36
[(37, 119, 2818)];30-03-2021-11-54-36
[(37, 141, 2825)];30-03-2021-11-54-37
[(37, 141, 2825)];30-03-2021-11-54-38
[(-458, 1, 968)];30-03-2021-11-55-49
[(-459, -12, 964)];30-03-2021-11-55-50
[(-455, 1, 962)];30-03-2021-11-55-51
[(-453, -13, 962)];30-03-2021-11-55-52
[(-460, -4, 963)];30-03-2021-11-55-53
[(-463, -13, 969)];30-03-2021-11-55-54
[(432, -6, 934)];30-03-2021-11-56-16
[(424, -51, 926)];30-03-2021-11-56-17
[(426, -51, 928)];30-03-2021-11-56-18
[(423, -51, 927)];30-03-2021-11-56-19
[(422, -50, 923)];30-03-2021-11-56-19
[(422, -50, 923)];30-03-2021-11-56-20
[(509, -31, 1192)];30-03-2021-11-56-51
[(511, 7, 1194)];30-03-2021-11-56-52
[(509, -30, 1189)];30-03-2021-11-56-52
[(506, -33, 1187)];30-03-2021-11-56-53
[(505, -32, 1194)];30-03-2021-11-56-54
[(501, -32, 1192)];30-03-2021-11-56-55
[(-532, 7, 1212)];30-03-2021-11-57-12
[(-531, -15, 1211)];30-03-2021-11-57-12
[(-532, -15, 1213)];30-03-2021-11-57-13
[(-532, -15, 1213)];30-03-2021-11-57-14
[(-532, -28, 1213)];30-03-2021-11-57-14
[(-533, 9, 1215)];30-03-2021-11-57-15
[(-591, 6, 1449)];30-03-2021-11-57-58
[(-595, 7, 1453)];30-03-2021-11-57-59
[(-595, 15, 1456)];30-03-2021-11-57-59
[(-598, 9, 1456)];30-03-2021-11-58-00
[(-597, -38, 1446)];30-03-2021-11-58-01
[(-600, 15, 1456)];30-03-2021-11-58-02
[(588, 16, 1470)];30-03-2021-11-58-19
[(574, -23, 1463)];30-03-2021-11-58-20
[(577, -25, 1463)];30-03-2021-11-58-21
[(574, -37, 1463)];30-03-2021-11-58-22
[(576, -35, 1463)];30-03-2021-11-58-23
[(572, -37, 1470)];30-03-2021-11-58-24
[(-618, 13, 1758)];30-03-2021-12-02-05
[(-621, 13, 1763)];30-03-2021-12-02-05
[(-616, 13, 1753)];30-03-2021-12-02-06
[(-620, 19, 1763)];30-03-2021-12-02-07
[(-620, 19, 1760)];30-03-2021-12-02-08
[(-615, 19, 1753)];30-03-2021-12-02-09
[(610, -3, 1758)];30-03-2021-12-02-35
[(606, -30, 1753)];30-03-2021-12-02-36
[(610, -30, 1766)];30-03-2021-12-02-37
[(618, -27, 1763)];30-03-2021-12-02-38
[(616, -30, 1758)];30-03-2021-12-02-39
[(611, -33, 1756)];30-03-2021-12-02-40
[(-604, 9, 2054)];30-03-2021-12-03-35
[(-591, 25, 1990)];30-03-2021-12-03-35
[(-626, 45, 2112)];30-03-2021-12-03-36
[(-611, 41, 2072)];30-03-2021-12-03-37
[(-609, -22, 2034)];30-03-2021-12-03-38
[(-635, 37, 2115)];30-03-2021-12-03-39
[(-1073, 149, 2130)];30-03-2021-12-04-31
[(-1078, 151, 2140)];30-03-2021-12-04-32
[(-1085, 182, 2134)];30-03-2021-12-04-33
[(-1078, 180, 2119)];30-03-2021-12-04-34
[(-1067, 156, 2126)];30-03-2021-12-04-34
[(-1069, 119, 2122)];30-03-2021-12-04-35
[(598, 32, 2027)];30-03-2021-12-04-47
[(608, 31, 2041)];30-03-2021-12-04-48
[(589, 29, 2014)];30-03-2021-12-04-49
[(584, 29, 2014)];30-03-2021-12-04-49
[(613, 41, 2075)];30-03-2021-12-04-50
[(608, 41, 2104)];30-03-2021-12-04-52
[(1016, 87, 2104)];30-03-2021-12-05-13
[(1018, 98, 2104)];30-03-2021-12-05-14
[(999, 20, 2047)];30-03-2021-12-05-15
[(1039, 116, 2075)];30-03-2021-12-05-16
[(1049, 55, 2152)];30-03-2021-12-05-18
[(1031, 156, 2108)];30-03-2021-12-05-21
[(-614, 84, 2329)];30-03-2021-12-06-26
[(-591, 93, 2311)];30-03-2021-12-06-27
[(-598, 93, 2329)];30-03-2021-12-06-28
[(-606, 89, 2329)];30-03-2021-12-06-29
[(-632, 82, 2329)];30-03-2021-12-06-30
[(-616, 76, 2338)];30-03-2021-12-06-31
[(-1113, 87, 2347)];30-03-2021-12-06-42
[(-1114, 83, 2347)];30-03-2021-12-06-43
[(-1098, 99, 2329)];30-03-2021-12-06-44
[(-1112, 87, 2352)];30-03-2021-12-06-45
[(-1115, 76, 2338)];30-03-2021-12-06-46
[(-1110, 105, 2329)];30-03-2021-12-06-48
[(614, 90, 2356)];30-03-2021-12-06-59
[(605, 91, 2365)];30-03-2021-12-07-01
[(607, 87, 2383)];30-03-2021-12-07-01
[(592, 89, 2320)];30-03-2021-12-07-02
[(602, 118, 2388)];30-03-2021-12-07-03
[(568, 84, 2329)];30-03-2021-12-07-05
[(1100, 44, 2329)];30-03-2021-12-07-22
[(1094, 82, 2329)];30-03-2021-12-07-23
[(1090, 80, 2334)];30-03-2021-12-07-24
[(1082, 72, 2320)];30-03-2021-12-07-30
[(1085, 86, 2320)];30-03-2021-12-07-31
[(1102, 89, 2338)];30-03-2021-12-07-33
[(-615, 147, 2641)];30-03-2021-12-09-00
[(-609, 148, 2653)];30-03-2021-12-09-01
[(-610, 143, 2641)];30-03-2021-12-09-02
[(-612, 143, 2619)];30-03-2021-12-09-03
[(-620, 145, 2641)];30-03-2021-12-09-03
[(-610, 147, 2664)];30-03-2021-12-09-04
[(-1145, 100, 2553)];30-03-2021-12-09-30
[(-1142, 100, 2574)];30-03-2021-12-09-31
[(-1138, 136, 2564)];30-03-2021-12-09-31
[(-1140, 140, 2569)];30-03-2021-12-09-32
[(-1147, 100, 2585)];30-03-2021-12-09-33
[(-1152, 96, 2558)];30-03-2021-12-09-34
[(570, 128, 2613)];30-03-2021-12-10-06
[(576, 113, 2619)];30-03-2021-12-10-07
[(574, 130, 2613)];30-03-2021-12-10-09
[(567, 133, 2607)];30-03-2021-12-10-09
[(577, 129, 2619)];30-03-2021-12-10-10
[(568, 144, 2619)];30-03-2021-12-10-11
[(1128, 136, 2553)];30-03-2021-12-10-25
[(1118, 135, 2526)];30-03-2021-12-10-25
[(1118, 135, 2526)];30-03-2021-12-10-26
[(1125, 135, 2542)];30-03-2021-12-10-27
[(1124, 136, 2553)];30-03-2021-12-10-27
[(1115, 136, 2553)];30-03-2021-12-10-28
[(-588, 94, 2812)];30-03-2021-12-11-55
[(-587, 187, 2825)];30-03-2021-12-11-55
[(-582, 138, 2812)];30-03-2021-12-11-56
[(-577, 139, 2812)];30-03-2021-12-11-57
[(-582, 139, 2825)];30-03-2021-12-11-58
[(-590, 180, 2825)];30-03-2021-12-11-59
[(-1131, 139, 2812)];30-03-2021-12-12-12
[(-1139, 138, 2838)];30-03-2021-12-12-12
[(-1131, 137, 2825)];30-03-2021-12-12-13
[(-1131, 137, 2825)];30-03-2021-12-12-14
[(-1120, 139, 2825)];30-03-2021-12-12-14
[(-1128, 139, 2818)];30-03-2021-12-12-15
[(569, 139, 2858)];30-03-2021-12-12-30
[(577, 141, 2838)];30-03-2021-12-12-30
[(576, 133, 2851)];30-03-2021-12-12-31
[(572, 139, 2825)];30-03-2021-12-12-32
[(563, 123, 2825)];30-03-2021-12-12-33
[(571, 145, 2838)];30-03-2021-12-12-34
[(1147, 128, 2825)];30-03-2021-12-12-49
[(1136, 173, 2799)];30-03-2021-12-12-50
[(1142, 129, 2818)];30-03-2021-12-12-51
[(1147, 129, 2812)];30-03-2021-12-12-52
[(1153, 129, 2825)];30-03-2021-12-12-53
[(1150, 126, 2825)];30-03-2021-12-12-54
