[(-2, 5, 288), (123, 24, 288)] 18-03-2021-12-34-53
[(12, 5, 295), (129, 38, 295)] 18-03-2021-12-34-55
[(12, 5, 289), (132, 47, 288)] 18-03-2021-12-35-00
[(61, 11, 630)] 18-03-2021-12-35-24
[(63, 11, 632)] 18-03-2021-12-35-24
[(28, 11, 630)] 18-03-2021-12-35-26
[(65, 29, 908)] 18-03-2021-12-35-38
[(24, 31, 900)] 18-03-2021-12-35-40
[(16, 29, 901)] 18-03-2021-12-35-42
[(56, 24, 1199)] 18-03-2021-12-35-52
[(41, 21, 1206)] 18-03-2021-12-35-53
[(51, 21, 1206)] 18-03-2021-12-35-54
[(80, 48, 1467)] 18-03-2021-12-36-02
[(84, 45, 1474)] 18-03-2021-12-36-04
[(91, 49, 1474)] 18-03-2021-12-36-05
[(95, 42, 1474)] 18-03-2021-12-36-09
[(43, 50, 1748)] 18-03-2021-12-36-21
[(52, 50, 1743)] 18-03-2021-12-36-22
[(56, 54, 1743)] 18-03-2021-12-36-23
[(41, 174, 1975)] 18-03-2021-12-36-31
[(25, 112, 1994)] 18-03-2021-12-36-32
[(30, 205, 2007)] 18-03-2021-12-36-33
[(104, 309, 2277)] 18-03-2021-12-36-44
[(104, 316, 2281)] 18-03-2021-12-36-45
[(94, 308, 2277)] 18-03-2021-12-36-46
[(-2, 447, 2521)] 18-03-2021-12-36-52
[(19, 474, 2542)] 18-03-2021-12-36-53
[(142, 456, 2532)] 18-03-2021-12-36-55
[(27, 498, 2736)] 18-03-2021-12-37-03
[(33, 510, 2724)] 18-03-2021-12-37-04
[(41, 512, 2736)] 18-03-2021-12-37-06
[(-689, 20, 985)] 18-03-2021-12-39-47
[(-692, 18, 988)] 18-03-2021-12-39-48
[(-692, 18, 992)] 18-03-2021-12-39-49
[(707, -33, 999)] 18-03-2021-12-40-08
[(704, -33, 987)] 18-03-2021-12-40-11
[(706, -33, 982)] 18-03-2021-12-40-12
[(-823, 23, 1246)] 18-03-2021-12-41-15
[(-817, 52, 1238)] 18-03-2021-12-41-17
[(-824, 23, 1244)] 18-03-2021-12-41-18
[(835, 22, 1223)] 18-03-2021-12-41-32
[(823, -9, 1218)] 18-03-2021-12-41-33
[(828, -6, 1223)] 18-03-2021-12-41-34
[(-916, 27, 1488)] 18-03-2021-12-44-14
[(-931, 27, 1492)] 18-03-2021-12-44-15
[(-932, 27, 1495)] 18-03-2021-12-44-16
[(929, 34, 1477)] 18-03-2021-12-44-24
[(908, 27, 1474)] 18-03-2021-12-44-25
[(906, 27, 1477)] 18-03-2021-12-44-26
[(-4220, -169, 5547)] 18-03-2021-12-45-32
[(-4090, -190, 5312)] 18-03-2021-12-45-33
[(-4318, -239, 5924)] 18-03-2021-12-45-35
[(-913, 33, 1769)] 18-03-2021-12-45-41
[(-915, 33, 1774)] 18-03-2021-12-45-42
[(-918, 122, 1763)] 18-03-2021-12-45-43
[(974, 36, 1728)] 18-03-2021-12-46-17
[(1014, 137, 1743)] 18-03-2021-12-46-18
[(1001, 69, 1760)] 18-03-2021-12-46-19
[(-4, 9, 383)] 18-03-2021-12-49-33
[(-4, 7, 380)] 18-03-2021-12-49-34
[(280, 7, 422), (-4, 8, 378)] 18-03-2021-12-49-35
[(40, 14, 640)] 18-03-2021-12-49-41
[(56, 17, 655)] 18-03-2021-12-49-42
[(56, 17, 655)] 18-03-2021-12-49-42
[(25, 19, 923)] 18-03-2021-12-49-47
[(9, 22, 922)] 18-03-2021-12-49-48
[(42, 17, 909)] 18-03-2021-12-49-48
[(-7, 33, 1223)] 18-03-2021-12-49-52
[(83, 23, 1230)] 18-03-2021-12-49-53
[(18, 23, 1238)] 18-03-2021-12-49-54
[(-5, 28, 1495)] 18-03-2021-12-49-57
[(110, 27, 1495)] 18-03-2021-12-49-58
[(71, 28, 1499)] 18-03-2021-12-49-58
[(62, 70, 1774)] 18-03-2021-12-50-04
[(50, 80, 1779)] 18-03-2021-12-50-05
[(35, 77, 1769)] 18-03-2021-12-50-06
[(-229, 591, 2122)] 18-03-2021-12-50-08
[(46, 191, 2038)] 18-03-2021-12-50-09
[(25, 188, 2054)] 18-03-2021-12-50-10
[(64, 287, 2320)] 18-03-2021-12-50-14
[(89, 367, 2311)] 18-03-2021-12-50-14
[(102, 353, 2320)] 18-03-2021-12-50-15
[(-2, 505, 2574)] 18-03-2021-12-50-18
[(12, 380, 2542)] 18-03-2021-12-50-19
[(12, 380, 2542)] 18-03-2021-12-50-19
[(4937, 700, 6933), (709, 1028, 3419)] 18-03-2021-12-50-30
[(27, 380, 2799)] 18-03-2021-12-50-32
[(56, 480, 2792)] 18-03-2021-12-50-33
[(49, 437, 2786)] 18-03-2021-12-50-33
[(-1828, 325, 2812)] 18-03-2021-12-51-39
[(-1811, 305, 2799)] 18-03-2021-12-51-40
[(-1811, 305, 2799)] 18-03-2021-12-51-40
[(-1839, 331, 2799)] 18-03-2021-12-51-41
[(-820, 367, 2786)] 18-03-2021-12-51-46
[(-827, 351, 2786)] 18-03-2021-12-51-47
[(-834, 370, 2773)] 18-03-2021-12-51-48
[(874, 445, 2786)] 18-03-2021-12-51-55
[(870, 434, 2780)] 18-03-2021-12-51-56
[(872, 443, 2773)] 18-03-2021-12-51-56
[(1769, 406, 2761)] 18-03-2021-12-52-01
[(1747, 524, 2761)] 18-03-2021-12-52-01
[(1751, 471, 2761)] 18-03-2021-12-52-02
[(-1847, 327, 2585)] 18-03-2021-12-52-19
[(-1833, 331, 2596)] 18-03-2021-12-52-20
[(-1840, 314, 2574)] 18-03-2021-12-52-21
[(-918, 330, 2585)] 18-03-2021-12-52-25
[(-932, 296, 2574)] 18-03-2021-12-52-25
[(-988, 302, 2585)] 18-03-2021-12-52-26
[(1019, 489, 2564)] 18-03-2021-12-52-30
[(913, 359, 2521)] 18-03-2021-12-52-31
[(908, 408, 2521)] 18-03-2021-12-52-31
[(1780, 352, 2516)] 18-03-2021-12-52-36
[(1781, 402, 2521)] 18-03-2021-12-52-37
[(1780, 410, 2521)] 18-03-2021-12-52-37
[(-1715, 231, 2334)] 18-03-2021-12-52-50
[(-1782, 286, 2370)] 18-03-2021-12-52-51
[(-1782, 286, 2370)] 18-03-2021-12-52-52
[(-958, 270, 2320)] 18-03-2021-12-52-57
[(-952, 256, 2329)] 18-03-2021-12-52-58
[(-950, 269, 2320)] 18-03-2021-12-52-58
[(944, 259, 2302)] 18-03-2021-12-53-03
[(944, 259, 2302)] 18-03-2021-12-53-04
[(950, 241, 2320)] 18-03-2021-12-53-05
[(1726, 338, 2302)] 18-03-2021-12-53-10
[(1695, 307, 2329)] 18-03-2021-12-53-10
[(1679, 316, 2320)] 18-03-2021-12-53-11
[(-1651, 156, 2111)] 18-03-2021-12-53-33
[(-1890, 220, 2586)] 18-03-2021-12-53-33
[(-1666, 180, 2122)] 18-03-2021-12-53-34
[(-943, 157, 2061)] 18-03-2021-12-53-40
[(-949, 167, 2061)] 18-03-2021-12-53-41
[(-953, 82, 2041)] 18-03-2021-12-53-41
[(992, 196, 2054)] 18-03-2021-12-53-46
[(938, 154, 2054)] 18-03-2021-12-53-47
[(941, 146, 2054)] 18-03-2021-12-53-47
[(1608, 226, 2061)] 18-03-2021-12-53-52
[(1619, 277, 2058)] 18-03-2021-12-53-53
[(1607, 306, 2061)] 18-03-2021-12-53-54
[(-910, 109, 1800)] 18-03-2021-12-54-22
[(-920, 75, 1805)] 18-03-2021-12-54-23
[(-915, 80, 1805)] 18-03-2021-12-54-23
[(968, 111, 1782)] 18-03-2021-12-54-28
[(952, 96, 1784)] 18-03-2021-12-54-28
[(934, 93, 1784)] 18-03-2021-12-54-29
[(-950, 33, 1518)] 18-03-2021-12-56-09
[(-950, 33, 1518)] 18-03-2021-12-56-09
[(-942, 28, 1522)] 18-03-2021-12-56-10
[(909, 27, 1477)] 18-03-2021-12-56-16
[(906, 27, 1474)] 18-03-2021-12-56-17
[(900, 27, 1470)] 18-03-2021-12-56-18
[(-891, 27, 1301)] 18-03-2021-12-56-39
[(-886, 85, 1295)] 18-03-2021-12-56-40
[(-897, 24, 1301)] 18-03-2021-12-56-40
[(828, 24, 1271)] 18-03-2021-12-56-47
[(827, 23, 1266)] 18-03-2021-12-56-47
[(815, 23, 1271)] 18-03-2021-12-56-48
[(-737, 19, 1026)] 18-03-2021-12-57-07
[(-739, 19, 1027)] 18-03-2021-12-57-07
[(-739, 19, 1029)] 18-03-2021-12-57-08
[(727, 18, 991)] 18-03-2021-12-57-14
[(726, 18, 986)] 18-03-2021-12-57-15
[(723, 18, 990)] 18-03-2021-12-57-16
[(954, 399, 2818), (-868, 351, 2799)] 18-03-2021-12-59-36
[(961, 397, 2812), (-854, 441, 2799)] 18-03-2021-12-59-37
[(963, 406, 2825), (-846, 350, 2799)] 18-03-2021-12-59-38
[(-936, 74, 1763), (942, 29, 1832)] 18-03-2021-13-00-02
[(-956, 93, 1769), (939, 24, 1838)] 18-03-2021-13-00-03
[(-933, 49, 1763), (945, 25, 1832)] 18-03-2021-13-00-04
